006746187937478539885770973924910950587357684217012381
006746121384326138475372208398506659442394621450296911
006746138730594069066085025235491179795623844775154201
006746193318199448006439932435540006335750317035084881
006746179524240292223522372707416368017678919602509241
006746194551064859946805917467411837373881501027275171
006746176586045382745964825227072706906792372480088971
006746165581154085041089885987953450875878257566365691
006746183600100007480512163541022619312988879775423531
006746149583779182949433006923920326774362618210608061
006746129525199984419194602918605549161228126072736301
006746137190985759218177053010308137277650013271677291
006746105621151032308768290981204474953030035175752211
006746143538040822572629860798624674461937295362780131
006746123845762098415411544977383199518297415634911531
006746102353958464625044950718955918191887457923056641
006746158124334156458316285589496955211476949424405141