006746167628631299553037650351968061839778308567603651
006746128188881742386218726149777819034286566741593871
006746122017412795824063076491567721040061126512647401
006746121331147430595791505536955497722278150184686141
006746129474435789586114087774148047103877147557563881
006746110052776874596686454656467411245940306037426521
006746107929714855045824706898608496875289449779322281
006746181495787446286817064290959369575165873734244511
006746192718046109220018550859870273532198048101458201
006746167119685045069206556028433533152830875964468961
006746192817481447874109226470813895206644191457518071
006746127157400333909158315264179319166484295996758211
006746115369370721338661598451721732491265770803906111
006746196798971858829057448573266309658275927709723981
006746130158594281509176820132337126344703777728473261
006746183499123883054730051615252073730973875420818711