006746107790174826046396736813340948184057825229046561
006746156892129383367049791985281425006586118680324781
006746108826177107217067696850314975704714936444292721
006746103317438115913607050056563237147424316384957641
006746113863510990352452840029047103532551005878962581
006746143806327842234877005914789357014932677070299051
006746141147604556296008048698826894654967055292096471
006746113297605039808446613079652357629486278001243311
006746167990302437877390909330897482588153516756263911
006746129150783606836906619857441449911745353914816251
006746179854900572990159864133436422069859016530022061
006746106330091461317043488774062034220262396782119061
006746107986352785308774914769415912208749506651281401